{
 "cells": [
  {
   "cell_type": "code",
   "execution_count": 2,
   "id": "a74b6572",
   "metadata": {},
   "outputs": [],
   "source": [
    "import numpy as np"
   ]
  },
  {
   "cell_type": "code",
   "execution_count": 5,
   "id": "6638c277",
   "metadata": {},
   "outputs": [],
   "source": [
    "lending_co_data_numeric = np.loadtxt('Lending-Company-Numeric.csv',delimiter=',')"
   ]
  },
  {
   "cell_type": "code",
   "execution_count": 11,
   "id": "bb342783",
   "metadata": {},
   "outputs": [
    {
     "data": {
      "text/plain": [
       "array([[False, False, False, False, False, False],\n",
       "       [False, False, False, False, False, False],\n",
       "       [False, False, False, False, False, False],\n",
       "       ...,\n",
       "       [False, False, False, False, False, False],\n",
       "       [False, False, False, False, False, False],\n",
       "       [False, False, False, False, False, False]])"
      ]
     },
     "execution_count": 11,
     "metadata": {},
     "output_type": "execute_result"
    }
   ],
   "source": [
    "np.isnan(lending_co_data_numeric)"
   ]
  },
  {
   "cell_type": "code",
   "execution_count": 12,
   "id": "b6f1c989",
   "metadata": {},
   "outputs": [
    {
     "data": {
      "text/plain": [
       "0"
      ]
     },
     "execution_count": 12,
     "metadata": {},
     "output_type": "execute_result"
    }
   ],
   "source": [
    "np.isnan(lending_co_data_numeric).sum()"
   ]
  },
  {
   "cell_type": "code",
   "execution_count": 18,
   "id": "9df26f7b",
   "metadata": {},
   "outputs": [],
   "source": [
    "lending_co_data_numeric_nan = np.genfromtxt('Lending-Company-Numeric-NAN.csv',delimiter=',',filling_values=0)"
   ]
  },
  {
   "cell_type": "code",
   "execution_count": 19,
   "id": "b9408338",
   "metadata": {},
   "outputs": [
    {
     "data": {
      "text/plain": [
       "0"
      ]
     },
     "execution_count": 19,
     "metadata": {},
     "output_type": "execute_result"
    }
   ],
   "source": [
    "np.isnan(lending_co_data_numeric_nan).sum()"
   ]
  },
  {
   "cell_type": "code",
   "execution_count": 20,
   "id": "ef5e5628",
   "metadata": {},
   "outputs": [],
   "source": [
    "temporary_fill=np.nanmax(lending_co_data_numeric_nan).round(2)+1"
   ]
  },
  {
   "cell_type": "code",
   "execution_count": 21,
   "id": "e85ee16e",
   "metadata": {},
   "outputs": [
    {
     "data": {
      "text/plain": [
       "1.0"
      ]
     },
     "execution_count": 21,
     "metadata": {},
     "output_type": "execute_result"
    }
   ],
   "source": [
    "temporary_fill"
   ]
  },
  {
   "cell_type": "code",
   "execution_count": 6,
   "id": "51b08d3a",
   "metadata": {
    "collapsed": true
   },
   "outputs": [
    {
     "data": {
      "text/plain": [
       "array([[ 2000,    40,   365,  3121,  4241, 13621],\n",
       "       [ 2000,    40,   365,  3061,  4171, 15041],\n",
       "       [ 1000,    40,   365,  2160,  3280, 15340],\n",
       "       ...,\n",
       "       [ 2000,    40,   365,  4201,  5001, 16600],\n",
       "       [ 1000,    40,   365,  2080,  3320, 15600],\n",
       "       [ 2000,    40,   365,  4601,  4601, 16600]])"
      ]
     },
     "execution_count": 6,
     "metadata": {},
     "output_type": "execute_result"
    }
   ],
   "source": [
    "lending_co_data_numeric"
   ]
  },
  {
   "cell_type": "code",
   "execution_count": 22,
   "id": "c6598133",
   "metadata": {},
   "outputs": [],
   "source": [
    "lending_co_data_numeric_nan = np.genfromtxt('Lending-Company-Numeric-NAN.csv',delimiter=',',filling_values=temporary_fill)"
   ]
  },
  {
   "cell_type": "code",
   "execution_count": 24,
   "id": "fa8c4f95",
   "metadata": {},
   "outputs": [
    {
     "data": {
      "text/plain": [
       "0"
      ]
     },
     "execution_count": 24,
     "metadata": {},
     "output_type": "execute_result"
    }
   ],
   "source": [
    "np.isnan(lending_co_data_numeric_nan).sum()"
   ]
  },
  {
   "cell_type": "markdown",
   "id": "017a844d",
   "metadata": {},
   "source": [
    "### substituting the missing values"
   ]
  },
  {
   "cell_type": "code",
   "execution_count": 32,
   "id": "5797781a",
   "metadata": {},
   "outputs": [
    {
     "data": {
      "text/plain": [
       "array([nan, nan, nan, ..., nan, nan, nan])"
      ]
     },
     "execution_count": 32,
     "metadata": {},
     "output_type": "execute_result"
    }
   ],
   "source": [
    "lending_co_data_numeric_nan = np.genfromtxt('Lending-Company-Numeric-NAN.csv',delimiter=',')\n",
    "lending_co_data_numeric_nan"
   ]
  },
  {
   "cell_type": "code",
   "execution_count": 34,
   "id": "3c9780dd",
   "metadata": {},
   "outputs": [
    {
     "data": {
      "text/plain": [
       "array([[ 2000.,    40.,   365.,  3121.,  4241., 13621.],\n",
       "       [ 2000.,    40.,   365.,  3061.,  4171., 15041.],\n",
       "       [ 1000.,    40.,   365.,  2160.,  3280., 15340.],\n",
       "       ...,\n",
       "       [ 2000.,    40.,   365.,  4201.,  5001., 16600.],\n",
       "       [ 1000.,    40.,   365.,  2080.,  3320., 15600.],\n",
       "       [ 2000.,    40.,   365.,  4601.,  4601., 16600.]])"
      ]
     },
     "execution_count": 34,
     "metadata": {},
     "output_type": "execute_result"
    }
   ],
   "source": [
    "lending_co_data_numeric = np.genfromtxt('Lending-Company-Numeric.csv',delimiter=',')\n",
    "lending_co_data_numeric"
   ]
  },
  {
   "cell_type": "code",
   "execution_count": 35,
   "id": "67f3cf87",
   "metadata": {},
   "outputs": [
    {
     "data": {
      "text/plain": [
       "(1043, 6)"
      ]
     },
     "execution_count": 35,
     "metadata": {},
     "output_type": "execute_result"
    }
   ],
   "source": [
    "lending_co_data_numeric.shape"
   ]
  },
  {
   "cell_type": "markdown",
   "id": "2be2c703",
   "metadata": {},
   "source": [
    "### reshaping"
   ]
  },
  {
   "cell_type": "code",
   "execution_count": 36,
   "id": "7af039bc",
   "metadata": {},
   "outputs": [
    {
     "data": {
      "text/plain": [
       "array([[ 2000.,    40.,   365., ...,   365.,  1581.,  3041.],\n",
       "       [12277.,  2000.,    40., ...,    50.,   365.,  5350.],\n",
       "       [ 6850., 15150.,  1000., ...,  2000.,    40.,   365.],\n",
       "       [ 3101.,  4351., 16600., ..., 16600.,  2000.,    40.],\n",
       "       [  365.,  3441.,  4661., ...,  8450., 22250.,  2000.],\n",
       "       [   40.,   365.,  3701., ...,  4601.,  4601., 16600.]])"
      ]
     },
     "execution_count": 36,
     "metadata": {},
     "output_type": "execute_result"
    }
   ],
   "source": [
    "np.reshape(lending_co_data_numeric,(6,1043))"
   ]
  },
  {
   "cell_type": "code",
   "execution_count": 38,
   "id": "e0613538",
   "metadata": {},
   "outputs": [
    {
     "data": {
      "text/plain": [
       "array([[ 2000.,  2000.,  1000., ...,  2000.,  1000.,  2000.],\n",
       "       [   40.,    40.,    40., ...,    40.,    40.,    40.],\n",
       "       [  365.,   365.,   365., ...,   365.,   365.,   365.],\n",
       "       [ 3121.,  3061.,  2160., ...,  4201.,  2080.,  4601.],\n",
       "       [ 4241.,  4171.,  3280., ...,  5001.,  3320.,  4601.],\n",
       "       [13621., 15041., 15340., ..., 16600., 15600., 16600.]])"
      ]
     },
     "execution_count": 38,
     "metadata": {},
     "output_type": "execute_result"
    }
   ],
   "source": [
    "np.transpose(lending_co_data_numeric)"
   ]
  },
  {
   "cell_type": "code",
   "execution_count": 42,
   "id": "ca164c23",
   "metadata": {},
   "outputs": [
    {
     "data": {
      "text/plain": [
       "array([[[[[ 2000.,    40.,   365., ...,   365.,  1581.,  3041.],\n",
       "          [12277.,  2000.,    40., ...,    50.,   365.,  5350.],\n",
       "          [ 6850., 15150.,  1000., ...,  2000.,    40.,   365.]],\n",
       "\n",
       "         [[ 3101.,  4351., 16600., ..., 16600.,  2000.,    40.],\n",
       "          [  365.,  3441.,  4661., ...,  8450., 22250.,  2000.],\n",
       "          [   40.,   365.,  3701., ...,  4601.,  4601., 16600.]]]]])"
      ]
     },
     "execution_count": 42,
     "metadata": {},
     "output_type": "execute_result"
    }
   ],
   "source": [
    "np.reshape(lending_co_data_numeric,(1,1,2,3,1043))"
   ]
  },
  {
   "cell_type": "code",
   "execution_count": 43,
   "id": "5b5c3864",
   "metadata": {},
   "outputs": [],
   "source": [
    " lending_co_data_numeric_2=np.reshape(lending_co_data_numeric,(6,1043))"
   ]
  },
  {
   "cell_type": "code",
   "execution_count": 44,
   "id": "ea2683d2",
   "metadata": {},
   "outputs": [
    {
     "data": {
      "text/plain": [
       "array([[ 2000.,    40.,   365., ...,   365.,  1581.,  3041.],\n",
       "       [12277.,  2000.,    40., ...,    50.,   365.,  5350.],\n",
       "       [ 6850., 15150.,  1000., ...,  2000.,    40.,   365.],\n",
       "       [ 3101.,  4351., 16600., ..., 16600.,  2000.,    40.],\n",
       "       [  365.,  3441.,  4661., ...,  8450., 22250.,  2000.],\n",
       "       [   40.,   365.,  3701., ...,  4601.,  4601., 16600.]])"
      ]
     },
     "execution_count": 44,
     "metadata": {},
     "output_type": "execute_result"
    }
   ],
   "source": [
    "lending_co_data_numeric_2"
   ]
  },
  {
   "cell_type": "markdown",
   "id": "6aee192e",
   "metadata": {},
   "source": [
    "### removing values"
   ]
  },
  {
   "cell_type": "code",
   "execution_count": 45,
   "id": "3a010a3e",
   "metadata": {},
   "outputs": [
    {
     "data": {
      "text/plain": [
       "array([[ 2000.,    40.,   365.,  3121.,  4241., 13621.],\n",
       "       [ 2000.,    40.,   365.,  3061.,  4171., 15041.],\n",
       "       [ 1000.,    40.,   365.,  2160.,  3280., 15340.],\n",
       "       ...,\n",
       "       [ 2000.,    40.,   365.,  4201.,  5001., 16600.],\n",
       "       [ 1000.,    40.,   365.,  2080.,  3320., 15600.],\n",
       "       [ 2000.,    40.,   365.,  4601.,  4601., 16600.]])"
      ]
     },
     "execution_count": 45,
     "metadata": {},
     "output_type": "execute_result"
    }
   ],
   "source": [
    "lending_co_data_numeric = np.loadtxt('Lending-Company-Numeric.csv',delimiter=',')\n",
    "lending_co_data_numeric"
   ]
  },
  {
   "cell_type": "code",
   "execution_count": 48,
   "id": "90a05924",
   "metadata": {},
   "outputs": [
    {
     "data": {
      "text/plain": [
       "array([   40.,   365.,  3121., ...,  4601.,  4601., 16600.])"
      ]
     },
     "execution_count": 48,
     "metadata": {},
     "output_type": "execute_result"
    }
   ],
   "source": [
    "np.delete(lending_co_data_numeric,0)"
   ]
  },
  {
   "cell_type": "code",
   "execution_count": 49,
   "id": "25d9a33a",
   "metadata": {},
   "outputs": [
    {
     "data": {
      "text/plain": [
       "(6257,)"
      ]
     },
     "execution_count": 49,
     "metadata": {},
     "output_type": "execute_result"
    }
   ],
   "source": [
    "np.delete(lending_co_data_numeric,0).shape"
   ]
  },
  {
   "cell_type": "code",
   "execution_count": 55,
   "id": "624ef778",
   "metadata": {},
   "outputs": [
    {
     "data": {
      "text/plain": [
       "array([[   40.,  3121., 13621.],\n",
       "       [   40.,  3061., 15041.],\n",
       "       [   40.,  2160., 15340.],\n",
       "       ...,\n",
       "       [   40.,  4201., 16600.],\n",
       "       [   40.,  2080., 15600.],\n",
       "       [   40.,  4601., 16600.]])"
      ]
     },
     "execution_count": 55,
     "metadata": {},
     "output_type": "execute_result"
    }
   ],
   "source": [
    "np.delete(lending_co_data_numeric,[0,2,4],axis=1)"
   ]
  },
  {
   "cell_type": "markdown",
   "id": "520826e3",
   "metadata": {},
   "source": [
    "### sorting"
   ]
  },
  {
   "cell_type": "code",
   "execution_count": 58,
   "id": "0eefb80e",
   "metadata": {},
   "outputs": [
    {
     "data": {
      "text/plain": [
       "array([[   40.,   365.,  2000.,  3121.,  4241., 13621.],\n",
       "       [   40.,   365.,  2000.,  3061.,  4171., 15041.],\n",
       "       [   40.,   365.,  1000.,  2160.,  3280., 15340.],\n",
       "       ...,\n",
       "       [   40.,   365.,  2000.,  4201.,  5001., 16600.],\n",
       "       [   40.,   365.,  1000.,  2080.,  3320., 15600.],\n",
       "       [   40.,   365.,  2000.,  4601.,  4601., 16600.]])"
      ]
     },
     "execution_count": 58,
     "metadata": {},
     "output_type": "execute_result"
    }
   ],
   "source": [
    "np.sort(lending_co_data_numeric)"
   ]
  },
  {
   "cell_type": "code",
   "execution_count": 59,
   "id": "0ec8a1d3",
   "metadata": {},
   "outputs": [
    {
     "data": {
      "text/plain": [
       "(1043, 6)"
      ]
     },
     "execution_count": 59,
     "metadata": {},
     "output_type": "execute_result"
    }
   ],
   "source": [
    "np.sort(lending_co_data_numeric).shape"
   ]
  },
  {
   "cell_type": "code",
   "execution_count": 67,
   "id": "fbf3fa81",
   "metadata": {},
   "outputs": [
    {
     "data": {
      "text/plain": [
       "array([-2870., -2870., -2550., ..., 54625., 54625., 64001.])"
      ]
     },
     "execution_count": 67,
     "metadata": {},
     "output_type": "execute_result"
    }
   ],
   "source": [
    "np.sort(lending_co_data_numeric,axis=None)"
   ]
  },
  {
   "cell_type": "code",
   "execution_count": 64,
   "id": "4b4906b3",
   "metadata": {},
   "outputs": [],
   "source": [
    "np.set_printoptions(suppress=True)"
   ]
  },
  {
   "cell_type": "code",
   "execution_count": 68,
   "id": "ca6f5b76",
   "metadata": {},
   "outputs": [
    {
     "data": {
      "text/plain": [
       "array([[   40.,   365.,  2000.,  3121.,  4241., 13621.],\n",
       "       [   40.,   365.,  2000.,  3061.,  4171., 15041.],\n",
       "       [   40.,   365.,  1000.,  2160.,  3280., 15340.],\n",
       "       ...,\n",
       "       [   40.,   365.,  2000.,  4201.,  5001., 16600.],\n",
       "       [   40.,   365.,  1000.,  2080.,  3320., 15600.],\n",
       "       [   40.,   365.,  2000.,  4601.,  4601., 16600.]])"
      ]
     },
     "execution_count": 68,
     "metadata": {},
     "output_type": "execute_result"
    }
   ],
   "source": [
    "np.sort(lending_co_data_numeric)"
   ]
  },
  {
   "cell_type": "code",
   "execution_count": 71,
   "id": "f55d1eed",
   "metadata": {},
   "outputs": [
    {
     "data": {
      "text/plain": [
       "array([[13621.,  4241.,  3121.,  2000.,   365.,    40.],\n",
       "       [15041.,  4171.,  3061.,  2000.,   365.,    40.],\n",
       "       [15340.,  3280.,  2160.,  1000.,   365.,    40.],\n",
       "       ...,\n",
       "       [16600.,  5001.,  4201.,  2000.,   365.,    40.],\n",
       "       [15600.,  3320.,  2080.,  1000.,   365.,    40.],\n",
       "       [16600.,  4601.,  4601.,  2000.,   365.,    40.]])"
      ]
     },
     "execution_count": 71,
     "metadata": {},
     "output_type": "execute_result"
    }
   ],
   "source": [
    "-np.sort(-lending_co_data_numeric)"
   ]
  },
  {
   "cell_type": "code",
   "execution_count": 72,
   "id": "a4a00a8c",
   "metadata": {},
   "outputs": [
    {
     "data": {
      "text/plain": [
       "array([[ 2000.,    40.,   365.,  3121.,  4241., 13621.],\n",
       "       [ 2000.,    40.,   365.,  3061.,  4171., 15041.],\n",
       "       [ 1000.,    40.,   365.,  2160.,  3280., 15340.],\n",
       "       ...,\n",
       "       [ 2000.,    40.,   365.,  4201.,  5001., 16600.],\n",
       "       [ 1000.,    40.,   365.,  2080.,  3320., 15600.],\n",
       "       [ 2000.,    40.,   365.,  4601.,  4601., 16600.]])"
      ]
     },
     "execution_count": 72,
     "metadata": {},
     "output_type": "execute_result"
    }
   ],
   "source": [
    "lending_co_data_numeric"
   ]
  },
  {
   "cell_type": "code",
   "execution_count": 73,
   "id": "449a9742",
   "metadata": {},
   "outputs": [
    {
     "data": {
      "text/plain": [
       "array([-2870., -2550., -2450., ..., 16751., 17650., 19001.])"
      ]
     },
     "execution_count": 73,
     "metadata": {},
     "output_type": "execute_result"
    }
   ],
   "source": [
    "np.sort(lending_co_data_numeric[:,3])"
   ]
  },
  {
   "cell_type": "code",
   "execution_count": 74,
   "id": "9b51054d",
   "metadata": {},
   "outputs": [],
   "source": [
    "lending_co_data_numeric[:,3].sort()"
   ]
  },
  {
   "cell_type": "code",
   "execution_count": 75,
   "id": "c22f6e8e",
   "metadata": {},
   "outputs": [
    {
     "data": {
      "text/plain": [
       "array([[ 2000.,    40.,   365., -2870.,  4241., 13621.],\n",
       "       [ 2000.,    40.,   365., -2550.,  4171., 15041.],\n",
       "       [ 1000.,    40.,   365., -2450.,  3280., 15340.],\n",
       "       ...,\n",
       "       [ 2000.,    40.,   365., 16751.,  5001., 16600.],\n",
       "       [ 1000.,    40.,   365., 17650.,  3320., 15600.],\n",
       "       [ 2000.,    40.,   365., 19001.,  4601., 16600.]])"
      ]
     },
     "execution_count": 75,
     "metadata": {},
     "output_type": "execute_result"
    }
   ],
   "source": [
    "lending_co_data_numeric"
   ]
  },
  {
   "cell_type": "markdown",
   "id": "4d26d8e9",
   "metadata": {},
   "source": [
    "### np.argsort()"
   ]
  },
  {
   "cell_type": "code",
   "execution_count": 76,
   "id": "68968111",
   "metadata": {},
   "outputs": [
    {
     "data": {
      "text/plain": [
       "array([[ 2000.,    40.,   365.,  3121.,  4241., 13621.],\n",
       "       [ 2000.,    40.,   365.,  3061.,  4171., 15041.],\n",
       "       [ 1000.,    40.,   365.,  2160.,  3280., 15340.],\n",
       "       ...,\n",
       "       [ 2000.,    40.,   365.,  4201.,  5001., 16600.],\n",
       "       [ 1000.,    40.,   365.,  2080.,  3320., 15600.],\n",
       "       [ 2000.,    40.,   365.,  4601.,  4601., 16600.]])"
      ]
     },
     "execution_count": 76,
     "metadata": {},
     "output_type": "execute_result"
    }
   ],
   "source": [
    "lending_co_data_numeric = np.loadtxt('Lending-Company-Numeric.csv',delimiter=',')\n",
    "lending_co_data_numeric"
   ]
  },
  {
   "cell_type": "code",
   "execution_count": 77,
   "id": "87af471e",
   "metadata": {},
   "outputs": [
    {
     "data": {
      "text/plain": [
       "array([[1, 2, 0, 3, 4, 5],\n",
       "       [1, 2, 0, 3, 4, 5],\n",
       "       [1, 2, 0, 3, 4, 5],\n",
       "       ...,\n",
       "       [1, 2, 0, 3, 4, 5],\n",
       "       [1, 2, 0, 3, 4, 5],\n",
       "       [1, 2, 0, 3, 4, 5]], dtype=int64)"
      ]
     },
     "execution_count": 77,
     "metadata": {},
     "output_type": "execute_result"
    }
   ],
   "source": [
    "np.argsort(lending_co_data_numeric)"
   ]
  },
  {
   "cell_type": "code",
   "execution_count": 78,
   "id": "77b67b26",
   "metadata": {},
   "outputs": [
    {
     "data": {
      "text/plain": [
       "array([[   40.,   365.,  2000.,  3121.,  4241., 13621.],\n",
       "       [   40.,   365.,  2000.,  3061.,  4171., 15041.],\n",
       "       [   40.,   365.,  1000.,  2160.,  3280., 15340.],\n",
       "       ...,\n",
       "       [   40.,   365.,  2000.,  4201.,  5001., 16600.],\n",
       "       [   40.,   365.,  1000.,  2080.,  3320., 15600.],\n",
       "       [   40.,   365.,  2000.,  4601.,  4601., 16600.]])"
      ]
     },
     "execution_count": 78,
     "metadata": {},
     "output_type": "execute_result"
    }
   ],
   "source": [
    "np.sort(lending_co_data_numeric)"
   ]
  },
  {
   "cell_type": "code",
   "execution_count": 80,
   "id": "dc91eb5e",
   "metadata": {},
   "outputs": [
    {
     "data": {
      "text/plain": [
       "array([[ 537,  443,    0,   32,   32,  482],\n",
       "       [ 639,  327,  687,  166,  166,  493],\n",
       "       [ 849,  432,  688,   85,   85,  166],\n",
       "       ...,\n",
       "       [  27,  326,  355,  568, 1019,  568],\n",
       "       [ 277,   27,  357,  718, 1033,  534],\n",
       "       [ 420,  408, 1042,  912,  912,   27]], dtype=int64)"
      ]
     },
     "execution_count": 80,
     "metadata": {},
     "output_type": "execute_result"
    }
   ],
   "source": [
    "np.argsort(lending_co_data_numeric,axis=0)"
   ]
  },
  {
   "cell_type": "code",
   "execution_count": 81,
   "id": "4c9424d7",
   "metadata": {},
   "outputs": [
    {
     "data": {
      "text/plain": [
       "array([537, 639, 849, ...,  27, 277, 420], dtype=int64)"
      ]
     },
     "execution_count": 81,
     "metadata": {},
     "output_type": "execute_result"
    }
   ],
   "source": [
    "np.argsort(lending_co_data_numeric[:,0])"
   ]
  },
  {
   "cell_type": "markdown",
   "id": "721a89c1",
   "metadata": {},
   "source": [
    "### np.argwhere()"
   ]
  },
  {
   "cell_type": "code",
   "execution_count": 3,
   "id": "180349b9",
   "metadata": {},
   "outputs": [
    {
     "data": {
      "text/plain": [
       "array([[ 2000.,    40.,   365.,  3121.,  4241., 13621.],\n",
       "       [ 2000.,    40.,   365.,  3061.,  4171., 15041.],\n",
       "       [ 1000.,    40.,   365.,  2160.,  3280., 15340.],\n",
       "       ...,\n",
       "       [ 2000.,    40.,   365.,  4201.,  5001., 16600.],\n",
       "       [ 1000.,    40.,   365.,  2080.,  3320., 15600.],\n",
       "       [ 2000.,    40.,   365.,  4601.,  4601., 16600.]])"
      ]
     },
     "execution_count": 3,
     "metadata": {},
     "output_type": "execute_result"
    }
   ],
   "source": [
    "lending_co_data_numeric = np.loadtxt('Lending-Company-Numeric.csv',delimiter=',')\n",
    "lending_co_data_numeric"
   ]
  },
  {
   "cell_type": "code",
   "execution_count": 4,
   "id": "85d7d887",
   "metadata": {},
   "outputs": [
    {
     "data": {
      "text/plain": [
       "array([[   0,    0],\n",
       "       [   0,    1],\n",
       "       [   0,    2],\n",
       "       ...,\n",
       "       [1042,    3],\n",
       "       [1042,    4],\n",
       "       [1042,    5]], dtype=int64)"
      ]
     },
     "execution_count": 4,
     "metadata": {},
     "output_type": "execute_result"
    }
   ],
   "source": [
    "np.argwhere(lending_co_data_numeric)"
   ]
  },
  {
   "cell_type": "code",
   "execution_count": 5,
   "id": "7124f815",
   "metadata": {},
   "outputs": [
    {
     "data": {
      "text/plain": [
       "array([[116,   4],\n",
       "       [430,   3]], dtype=int64)"
      ]
     },
     "execution_count": 5,
     "metadata": {},
     "output_type": "execute_result"
    }
   ],
   "source": [
    "np.argwhere(lending_co_data_numeric==False)"
   ]
  },
  {
   "cell_type": "code",
   "execution_count": 6,
   "id": "c6c23cf0",
   "metadata": {},
   "outputs": [
    {
     "data": {
      "text/plain": [
       "array([1000.,   50.,  365.,    0.,  550., 5650.])"
      ]
     },
     "execution_count": 6,
     "metadata": {},
     "output_type": "execute_result"
    }
   ],
   "source": [
    "lending_co_data_numeric[430]"
   ]
  },
  {
   "cell_type": "code",
   "execution_count": 7,
   "id": "2790e8cb",
   "metadata": {},
   "outputs": [
    {
     "data": {
      "text/plain": [
       "array([[   0,    0],\n",
       "       [   0,    1],\n",
       "       [   1,    0],\n",
       "       ...,\n",
       "       [1042,    0],\n",
       "       [1042,    1],\n",
       "       [1042,    5]], dtype=int64)"
      ]
     },
     "execution_count": 7,
     "metadata": {},
     "output_type": "execute_result"
    }
   ],
   "source": [
    "np.argwhere(lending_co_data_numeric%2==0)"
   ]
  },
  {
   "cell_type": "code",
   "execution_count": 8,
   "id": "2cc71365",
   "metadata": {},
   "outputs": [
    {
     "ename": "AttributeError",
     "evalue": "'numpy.ndarray' object has no attribute 'argwhere'",
     "output_type": "error",
     "traceback": [
      "\u001b[1;31m---------------------------------------------------------------------------\u001b[0m",
      "\u001b[1;31mAttributeError\u001b[0m                            Traceback (most recent call last)",
      "\u001b[1;32m<ipython-input-8-7e8f170e2fca>\u001b[0m in \u001b[0;36m<module>\u001b[1;34m\u001b[0m\n\u001b[1;32m----> 1\u001b[1;33m \u001b[0mlending_co_data_numeric\u001b[0m\u001b[1;33m.\u001b[0m\u001b[0margwhere\u001b[0m\u001b[1;33m(\u001b[0m\u001b[1;33m)\u001b[0m\u001b[1;33m\u001b[0m\u001b[1;33m\u001b[0m\u001b[0m\n\u001b[0m",
      "\u001b[1;31mAttributeError\u001b[0m: 'numpy.ndarray' object has no attribute 'argwhere'"
     ]
    }
   ],
   "source": [
    "lending_co_data_numeric.argwhere()"
   ]
  },
  {
   "cell_type": "code",
   "execution_count": 10,
   "id": "c3dc00ab",
   "metadata": {},
   "outputs": [
    {
     "data": {
      "text/plain": [
       "0"
      ]
     },
     "execution_count": 10,
     "metadata": {},
     "output_type": "execute_result"
    }
   ],
   "source": [
    "np.isnan(lending_co_data_numeric).sum()"
   ]
  },
  {
   "cell_type": "code",
   "execution_count": 11,
   "id": "d63629c3",
   "metadata": {},
   "outputs": [
    {
     "data": {
      "text/plain": [
       "array([[ 2000.,    40.,   365.,  3121.,  4241., 13621.],\n",
       "       [ 2000.,    40.,   365.,  3061.,  4171., 15041.],\n",
       "       [ 1000.,    40.,   365.,  2160.,  3280., 15340.],\n",
       "       ...,\n",
       "       [   nan,    40.,   365.,  4201.,  5001., 16600.],\n",
       "       [ 1000.,    40.,   365.,  2080.,  3320., 15600.],\n",
       "       [ 2000.,    40.,   365.,  4601.,  4601., 16600.]])"
      ]
     },
     "execution_count": 11,
     "metadata": {},
     "output_type": "execute_result"
    }
   ],
   "source": [
    "lending_co_data_numeric_nan = np.genfromtxt('Lending-Company-Numeric-NAN.csv',delimiter=';')\n",
    "lending_co_data_numeric_nan"
   ]
  },
  {
   "cell_type": "code",
   "execution_count": 13,
   "id": "4c0cf2ad",
   "metadata": {},
   "outputs": [
    {
     "data": {
      "text/plain": [
       "array([[  11,    3],\n",
       "       [  15,    3],\n",
       "       [  27,    3],\n",
       "       [  58,    3],\n",
       "       [  60,    4],\n",
       "       [  85,    4],\n",
       "       [ 117,    5],\n",
       "       [ 152,    1],\n",
       "       [ 152,    2],\n",
       "       [ 152,    4],\n",
       "       [ 172,    1],\n",
       "       [ 175,    1],\n",
       "       [ 175,    2],\n",
       "       [ 176,    3],\n",
       "       [ 177,    4],\n",
       "       [ 178,    5],\n",
       "       [ 211,    3],\n",
       "       [ 229,    0],\n",
       "       [ 230,    1],\n",
       "       [ 237,    1],\n",
       "       [ 247,    3],\n",
       "       [ 251,    5],\n",
       "       [ 252,    4],\n",
       "       [ 258,    1],\n",
       "       [ 260,    3],\n",
       "       [ 262,    4],\n",
       "       [ 271,    5],\n",
       "       [ 272,    4],\n",
       "       [ 284,    2],\n",
       "       [ 284,    3],\n",
       "       [ 297,    1],\n",
       "       [ 297,    2],\n",
       "       [ 300,    3],\n",
       "       [ 315,    3],\n",
       "       [ 315,    5],\n",
       "       [ 327,    4],\n",
       "       [ 336,    4],\n",
       "       [ 343,    0],\n",
       "       [ 344,    2],\n",
       "       [ 346,    2],\n",
       "       [ 363,    3],\n",
       "       [ 375,    3],\n",
       "       [ 377,    2],\n",
       "       [ 398,    5],\n",
       "       [ 416,    4],\n",
       "       [ 428,    0],\n",
       "       [ 432,    1],\n",
       "       [ 433,    3],\n",
       "       [ 434,    2],\n",
       "       [ 440,    3],\n",
       "       [ 441,    1],\n",
       "       [ 446,    2],\n",
       "       [ 455,    1],\n",
       "       [ 456,    2],\n",
       "       [ 458,    2],\n",
       "       [ 461,    3],\n",
       "       [ 467,    4],\n",
       "       [ 468,    0],\n",
       "       [ 469,    3],\n",
       "       [ 470,    0],\n",
       "       [ 481,    1],\n",
       "       [ 482,    3],\n",
       "       [ 484,    4],\n",
       "       [ 489,    0],\n",
       "       [ 493,    5],\n",
       "       [ 499,    0],\n",
       "       [ 504,    3],\n",
       "       [ 506,    1],\n",
       "       [ 517,    4],\n",
       "       [ 518,    0],\n",
       "       [ 521,    2],\n",
       "       [ 530,    5],\n",
       "       [ 532,    3],\n",
       "       [ 534,    5],\n",
       "       [ 547,    3],\n",
       "       [ 549,    5],\n",
       "       [ 553,    5],\n",
       "       [ 554,    5],\n",
       "       [ 559,    3],\n",
       "       [ 566,    0],\n",
       "       [ 566,    1],\n",
       "       [ 566,    2],\n",
       "       [ 567,    0],\n",
       "       [ 567,    1],\n",
       "       [ 567,    2],\n",
       "       [ 581,    1],\n",
       "       [ 581,    2],\n",
       "       [ 582,    1],\n",
       "       [ 582,    2],\n",
       "       [ 583,    1],\n",
       "       [ 583,    2],\n",
       "       [ 593,    3],\n",
       "       [ 594,    3],\n",
       "       [ 595,    3],\n",
       "       [ 596,    3],\n",
       "       [ 609,    4],\n",
       "       [ 609,    5],\n",
       "       [ 610,    4],\n",
       "       [ 610,    5],\n",
       "       [ 611,    4],\n",
       "       [ 611,    5],\n",
       "       [ 612,    4],\n",
       "       [ 612,    5],\n",
       "       [ 623,    2],\n",
       "       [ 623,    3],\n",
       "       [ 624,    2],\n",
       "       [ 624,    3],\n",
       "       [ 625,    2],\n",
       "       [ 625,    3],\n",
       "       [ 626,    2],\n",
       "       [ 626,    3],\n",
       "       [ 627,    2],\n",
       "       [ 627,    3],\n",
       "       [ 636,    0],\n",
       "       [ 637,    0],\n",
       "       [ 637,    4],\n",
       "       [ 637,    5],\n",
       "       [ 638,    0],\n",
       "       [ 638,    4],\n",
       "       [ 638,    5],\n",
       "       [ 639,    4],\n",
       "       [ 639,    5],\n",
       "       [ 640,    4],\n",
       "       [ 640,    5],\n",
       "       [ 641,    4],\n",
       "       [ 641,    5],\n",
       "       [ 653,    1],\n",
       "       [ 653,    2],\n",
       "       [ 653,    3],\n",
       "       [ 653,    4],\n",
       "       [ 654,    1],\n",
       "       [ 654,    2],\n",
       "       [ 654,    3],\n",
       "       [ 654,    4],\n",
       "       [ 655,    1],\n",
       "       [ 655,    2],\n",
       "       [ 655,    3],\n",
       "       [ 655,    4],\n",
       "       [ 685,    2],\n",
       "       [ 686,    0],\n",
       "       [ 701,    4],\n",
       "       [ 704,    2],\n",
       "       [ 724,    1],\n",
       "       [ 724,    2],\n",
       "       [ 730,    1],\n",
       "       [ 730,    2],\n",
       "       [ 730,    3],\n",
       "       [ 731,    1],\n",
       "       [ 731,    2],\n",
       "       [ 731,    3],\n",
       "       [ 732,    1],\n",
       "       [ 732,    2],\n",
       "       [ 732,    3],\n",
       "       [ 733,    1],\n",
       "       [ 733,    2],\n",
       "       [ 733,    3],\n",
       "       [ 742,    4],\n",
       "       [ 747,    3],\n",
       "       [ 755,    1],\n",
       "       [ 758,    1],\n",
       "       [ 760,    1],\n",
       "       [ 764,    0],\n",
       "       [ 764,    1],\n",
       "       [ 764,    2],\n",
       "       [ 764,    3],\n",
       "       [ 764,    4],\n",
       "       [ 764,    5],\n",
       "       [ 765,    3],\n",
       "       [ 775,    1],\n",
       "       [ 775,    2],\n",
       "       [ 775,    3],\n",
       "       [ 776,    1],\n",
       "       [ 776,    2],\n",
       "       [ 776,    3],\n",
       "       [ 777,    1],\n",
       "       [ 777,    2],\n",
       "       [ 777,    3],\n",
       "       [ 778,    1],\n",
       "       [ 778,    2],\n",
       "       [ 778,    3],\n",
       "       [ 787,    4],\n",
       "       [ 788,    1],\n",
       "       [ 790,    2],\n",
       "       [ 794,    3],\n",
       "       [ 795,    5],\n",
       "       [ 796,    1],\n",
       "       [ 796,    4],\n",
       "       [ 800,    0],\n",
       "       [ 801,    1],\n",
       "       [ 802,    1],\n",
       "       [ 803,    2],\n",
       "       [ 805,    0],\n",
       "       [ 809,    0],\n",
       "       [ 810,    0],\n",
       "       [ 811,    0],\n",
       "       [ 812,    1],\n",
       "       [ 820,    0],\n",
       "       [ 820,    3],\n",
       "       [ 820,    4],\n",
       "       [ 822,    2],\n",
       "       [ 823,    2],\n",
       "       [ 825,    0],\n",
       "       [ 830,    1],\n",
       "       [ 830,    2],\n",
       "       [ 836,    3],\n",
       "       [ 837,    3],\n",
       "       [ 838,    3],\n",
       "       [ 839,    4],\n",
       "       [ 843,    2],\n",
       "       [ 856,    0],\n",
       "       [ 856,    1],\n",
       "       [ 856,    3],\n",
       "       [ 856,    4],\n",
       "       [ 856,    5],\n",
       "       [ 857,    0],\n",
       "       [ 858,    1],\n",
       "       [ 870,    0],\n",
       "       [ 870,    2],\n",
       "       [ 870,    3],\n",
       "       [ 872,    0],\n",
       "       [ 873,    0],\n",
       "       [ 874,    1],\n",
       "       [ 890,    1],\n",
       "       [ 890,    2],\n",
       "       [ 890,    3],\n",
       "       [ 909,    1],\n",
       "       [ 910,    0],\n",
       "       [ 912,    0],\n",
       "       [ 912,    2],\n",
       "       [ 912,    3],\n",
       "       [ 912,    4],\n",
       "       [ 928,    1],\n",
       "       [ 928,    2],\n",
       "       [ 928,    3],\n",
       "       [ 929,    1],\n",
       "       [ 929,    2],\n",
       "       [ 929,    3],\n",
       "       [ 930,    3],\n",
       "       [ 958,    2],\n",
       "       [ 959,    3],\n",
       "       [ 960,    3],\n",
       "       [1024,    0],\n",
       "       [1024,    2],\n",
       "       [1026,    2],\n",
       "       [1026,    4],\n",
       "       [1028,    0],\n",
       "       [1028,    3],\n",
       "       [1028,    4],\n",
       "       [1029,    0],\n",
       "       [1030,    1],\n",
       "       [1030,    5],\n",
       "       [1032,    0],\n",
       "       [1032,    5],\n",
       "       [1034,    3],\n",
       "       [1035,    4],\n",
       "       [1036,    2],\n",
       "       [1037,    1],\n",
       "       [1038,    4],\n",
       "       [1039,    3],\n",
       "       [1040,    0]], dtype=int64)"
      ]
     },
     "execution_count": 13,
     "metadata": {},
     "output_type": "execute_result"
    }
   ],
   "source": [
    "np.argwhere(np.isnan(lending_co_data_numeric_nan))"
   ]
  },
  {
   "cell_type": "code",
   "execution_count": 14,
   "id": "d96eb839",
   "metadata": {},
   "outputs": [
    {
     "data": {
      "text/plain": [
       "array([ 2000.,    nan,    nan,  1851.,  3051., 13561.])"
      ]
     },
     "execution_count": 14,
     "metadata": {},
     "output_type": "execute_result"
    }
   ],
   "source": [
    "lending_co_data_numeric_nan[175]"
   ]
  },
  {
   "cell_type": "code",
   "execution_count": 15,
   "id": "92a4d836",
   "metadata": {},
   "outputs": [],
   "source": [
    "for array_index in np.argwhere(np.isnan(lending_co_data_numeric_nan)):\n",
    "    lending_co_data_numeric_nan[array_index[0],array_index[1]]=0"
   ]
  },
  {
   "cell_type": "code",
   "execution_count": 16,
   "id": "11b596f4",
   "metadata": {},
   "outputs": [
    {
     "data": {
      "text/plain": [
       "array([ 2000.,     0.,     0.,  1851.,  3051., 13561.])"
      ]
     },
     "execution_count": 16,
     "metadata": {},
     "output_type": "execute_result"
    }
   ],
   "source": [
    "lending_co_data_numeric_nan[175]"
   ]
  },
  {
   "cell_type": "markdown",
   "id": "d3eba854",
   "metadata": {},
   "source": [
    "### shuffling"
   ]
  },
  {
   "cell_type": "code",
   "execution_count": 18,
   "id": "cd6ee54c",
   "metadata": {},
   "outputs": [
    {
     "data": {
      "text/plain": [
       "array([[ 2000.,    40.,   365.,  3121.,  4241., 13621.],\n",
       "       [ 2000.,    40.,   365.,  3061.,  4171., 15041.],\n",
       "       [ 1000.,    40.,   365.,  2160.,  3280., 15340.],\n",
       "       [ 2000.,    40.,   365.,  3041.,  4241., 15321.],\n",
       "       [ 2000.,    50.,   365.,  3470.,  4820., 13720.],\n",
       "       [ 2000.,    40.,   365.,  3201.,  4141., 14141.],\n",
       "       [ 2000.,    50.,   365.,  1851.,  3251., 17701.],\n",
       "       [ 2000.,    40.,   365.,  3971.,  4131., 15351.]])"
      ]
     },
     "execution_count": 18,
     "metadata": {},
     "output_type": "execute_result"
    }
   ],
   "source": [
    "lending_co_data_numeric = np.loadtxt('Lending-Company-Numeric.csv',delimiter=',')[:8]\n",
    "lending_co_data_numeric"
   ]
  },
  {
   "cell_type": "code",
   "execution_count": 19,
   "id": "b7f55dc1",
   "metadata": {},
   "outputs": [],
   "source": [
    "np.random.shuffle(lending_co_data_numeric)"
   ]
  },
  {
   "cell_type": "code",
   "execution_count": 20,
   "id": "baba9aa7",
   "metadata": {},
   "outputs": [
    {
     "data": {
      "text/plain": [
       "array([[ 2000.,    50.,   365.,  1851.,  3251., 17701.],\n",
       "       [ 1000.,    40.,   365.,  2160.,  3280., 15340.],\n",
       "       [ 2000.,    40.,   365.,  3971.,  4131., 15351.],\n",
       "       [ 2000.,    40.,   365.,  3041.,  4241., 15321.],\n",
       "       [ 2000.,    40.,   365.,  3061.,  4171., 15041.],\n",
       "       [ 2000.,    40.,   365.,  3201.,  4141., 14141.],\n",
       "       [ 2000.,    40.,   365.,  3121.,  4241., 13621.],\n",
       "       [ 2000.,    50.,   365.,  3470.,  4820., 13720.]])"
      ]
     },
     "execution_count": 20,
     "metadata": {},
     "output_type": "execute_result"
    }
   ],
   "source": [
    "lending_co_data_numeric"
   ]
  },
  {
   "cell_type": "code",
   "execution_count": 21,
   "id": "f6a7d7ec",
   "metadata": {},
   "outputs": [],
   "source": [
    "np.random.shuffle(lending_co_data_numeric)"
   ]
  },
  {
   "cell_type": "code",
   "execution_count": 22,
   "id": "64098b28",
   "metadata": {},
   "outputs": [
    {
     "data": {
      "text/plain": [
       "array([[ 2000.,    50.,   365.,  3470.,  4820., 13720.],\n",
       "       [ 1000.,    40.,   365.,  2160.,  3280., 15340.],\n",
       "       [ 2000.,    40.,   365.,  3121.,  4241., 13621.],\n",
       "       [ 2000.,    40.,   365.,  3061.,  4171., 15041.],\n",
       "       [ 2000.,    50.,   365.,  1851.,  3251., 17701.],\n",
       "       [ 2000.,    40.,   365.,  3201.,  4141., 14141.],\n",
       "       [ 2000.,    40.,   365.,  3971.,  4131., 15351.],\n",
       "       [ 2000.,    40.,   365.,  3041.,  4241., 15321.]])"
      ]
     },
     "execution_count": 22,
     "metadata": {},
     "output_type": "execute_result"
    }
   ],
   "source": [
    "lending_co_data_numeric"
   ]
  },
  {
   "cell_type": "code",
   "execution_count": 23,
   "id": "4230b485",
   "metadata": {},
   "outputs": [],
   "source": [
    "np.random.shuffle(lending_co_data_numeric)"
   ]
  },
  {
   "cell_type": "code",
   "execution_count": 24,
   "id": "5364cf89",
   "metadata": {},
   "outputs": [
    {
     "data": {
      "text/plain": [
       "array([[ 2000.,    40.,   365.,  3971.,  4131., 15351.],\n",
       "       [ 2000.,    40.,   365.,  3061.,  4171., 15041.],\n",
       "       [ 2000.,    50.,   365.,  1851.,  3251., 17701.],\n",
       "       [ 2000.,    40.,   365.,  3041.,  4241., 15321.],\n",
       "       [ 2000.,    40.,   365.,  3201.,  4141., 14141.],\n",
       "       [ 1000.,    40.,   365.,  2160.,  3280., 15340.],\n",
       "       [ 2000.,    40.,   365.,  3121.,  4241., 13621.],\n",
       "       [ 2000.,    50.,   365.,  3470.,  4820., 13720.]])"
      ]
     },
     "execution_count": 24,
     "metadata": {},
     "output_type": "execute_result"
    }
   ],
   "source": [
    "lending_co_data_numeric"
   ]
  },
  {
